========================================================================================================================
1A16F Cross-Host Comparison: Host1 vs Host2
========================================================================================================================

## Serial TPOT (ms) - lower is better
batch   seq      Host1      Host2    H2/H1   Delta%
--------------------------------------------------
    2   128      171.4      175.7    1.025    +2.5%
    2   256      169.6      176.5    1.041    +4.1%
    2   512      173.5      173.1    0.998    -0.2%
    2  1024      177.1      183.3    1.035    +3.5%
    4   128      186.6      191.2    1.025    +2.5%
    4   256      185.7      189.5    1.020    +2.0%
    4   512      194.8      198.5    1.019    +1.9%
    4  1024      195.9      197.0    1.006    +0.6%
    8   128      208.6      213.0    1.021    +2.1%
    8   256      223.4      222.4    0.995    -0.5%
    8   512      212.2      220.1    1.037    +3.7%
    8  1024      216.8      224.4    1.035    +3.5%
   16   128      243.7      251.0    1.030    +3.0%
   16   256      248.2      256.3    1.033    +3.3%
   16   512      248.7      256.1    1.030    +3.0%
   16  1024      250.6      252.0    1.006    +0.6%
   32   128      309.1      306.2    0.991    -0.9%
   32   256      298.7      307.7    1.030    +3.0%
   32   512      301.2      313.2    1.040    +4.0%
   64   128      434.7      429.7    0.989    -1.1%
   64   256      422.4      432.2    1.023    +2.3%
   64   512      424.4      440.3    1.037    +3.7%

## Decode-DBO TPOT (ms) - lower is better
batch   seq      Host1      Host2    H2/H1   Delta%
--------------------------------------------------
    2   128      223.6      226.9    1.015    +1.5%
    2   256      215.5      219.5    1.019    +1.9%
    2   512      213.7      215.2    1.007    +0.7%
    2  1024      230.1      224.9    0.978    -2.2%
    4   128      242.5      248.3    1.024    +2.4%
    4   256      240.3      243.7    1.014    +1.4%
    4   512      249.3      254.3    1.020    +2.0%
    4  1024      242.4      246.6    1.018    +1.8%
    8   128      270.0      279.0    1.033    +3.3%
    8   256      279.9      276.8    0.989    -1.1%
    8   512      269.6      282.5    1.048    +4.8%
    8  1024      273.1      286.7    1.050    +5.0%
   16   128      315.3      324.5    1.029    +2.9%
   16   256      311.9      314.7    1.009    +0.9%
   16   512      314.6      321.9    1.023    +2.3%
   16  1024      327.2      328.7    1.005    +0.5%
   32   128      368.9      383.2    1.039    +3.9%
   32   256      384.4      376.3    0.979    -2.1%
   32   512      378.5      384.5    1.016    +1.6%
   64   128      509.6      527.8    1.036    +3.6%
   64   256      508.0      505.9    0.996    -0.4%
   64   512      501.1      527.0    1.052    +5.2%

## Decode-DBO Speedup vs Serial - higher is better
batch   seq H1_speedup H2_speedup    Delta
--------------------------------------------------
    2   128      0.767      0.774  +0.008
    2   256      0.787      0.804  +0.017
    2   512      0.812      0.805  -0.007
    2  1024      0.770      0.815  +0.045
    4   128      0.769      0.770  +0.001
    4   256      0.773      0.778  +0.005
    4   512      0.781      0.781  -0.001
    4  1024      0.808      0.799  -0.009
    8   128      0.772      0.763  -0.009
    8   256      0.798      0.803  +0.005
    8   512      0.787      0.779  -0.008
    8  1024      0.794      0.783  -0.011
   16   128      0.773      0.773  +0.000
   16   256      0.796      0.814  +0.019
   16   512      0.791      0.795  +0.005
   16  1024      0.766      0.767  +0.001
   32   128      0.838      0.799  -0.039
   32   256      0.777      0.818  +0.040
   32   512      0.796      0.814  +0.019
   64   128      0.853      0.814  -0.039
   64   256      0.831      0.854  +0.023
   64   512      0.847      0.835  -0.012

================================================================================
Summary Statistics
================================================================================
Serial TPOT  - H1 avg: 249.9ms  H2 avg: 255.0ms  H2/H1: 1.020
DBO TPOT     - H1 avg: 312.2ms  H2 avg: 318.1ms  H2/H1: 1.019

H2 faster than H1: 4/22 serial configs, 4/22 decode-dbo configs
